ordinal=0 before=12068 after=12239 expansion=1.01417
ordinal=1 before=12066 after=12236 expansion=1.01409
ordinal=31 before=12028 after=12177 expansion=1.01239
ordinal=551 before=12041 after=12211 expansion=1.01412
